# Created by Octave 3.8.2, Wed Feb 17 03:54:46 2016 PST <root@localhost.localdomain>
# name: A
# type: matrix
# rows: 3
# columns: 2
 1 2
 3 4
 5 6


